1, 56, 3, TSH-000-WHI-057, 120.0, 57.6
1, 5, 4, TSH-000-WHI-005, 78.0, 49.92
1, 77, 2, TSH-000-WHI-078, 600.0, 192.0
1, 20, 4, TSH-000-WHI-020, 100.0, 184.0
1, 87, 3, TSH-000-WHI-088, 600.0, 288.0
2, 4, 1, TSH-000-WHI-004, 120.0, 19.2
2, 83, 2, TSH-000-WHI-084, 600.0, 192.0
2, 99, 3, TSH-000-WHI-100, 34.0, 16.32
2, 90, 5, TSH-000-WHI-091, 500.0, 400.0
2, 68, 5, TSH-000-WHI-069, 120.0, 96.0
2, 58, 5, TSH-000-WHI-059, 120.0, 96.0
2, 12, 3, TSH-000-WHI-012, 150.0, 72.0
2, 42, 4, TSH-000-WHI-042, 200.0, 128.0
3, 1, 3, TSH-000-WHI-001, 250.0, 120.0
3, 52, 4, TSH-000-WHI-053, 400.0, 256.0
3, 75, 5, TSH-000-WHI-076, 900.0, 720.0
3, 3, 3, TSH-000-WHI-003, 156.0, 74.88
3, 30, 2, TSH-000-WHI-030, 100.0, 92.0
4, 24, 3, TSH-000-WHI-024, 532.0, 734.16
4, 7, 4, TSH-000-WHI-007, 145.0, 92.8
4, 3, 4, TSH-000-WHI-003, 156.0, 99.84
4, 26, 3, TSH-000-WHI-026, 60.0, 82.8
4, 34, 4, TSH-000-WHI-034, 150.0, 276.0
4, 79, 1, TSH-000-WHI-080, 300.0, 48.0
5, 13, 1, TSH-000-WHI-013, 300.0, 48.0
5, 46, 3, TSH-000-WHI-047, 505.23, 242.51
5, 4, 2, TSH-000-WHI-004, 120.0, 38.4
5, 31, 3, TSH-000-WHI-031, 80.0, 110.4
5, 21, 2, TSH-000-WHI-021, 320.0, 294.4
6, 8, 5, TSH-000-WHI-008, 234.0, 187.2
6, 41, 4, TSH-000-WHI-041, 300.0, 192.0
6, 35, 2, TSH-000-WHI-035, 150.0, 48.0
6, 76, 2, TSH-000-WHI-077, 400.0, 128.0
6, 40, 3, TSH-000-WHI-040, 300.0, 144.0
6, 20, 2, TSH-000-WHI-020, 100.0, 92.0
6, 94, 1, TSH-000-WHI-095, 213.0, 34.08
7, 2, 4, TSH-000-WHI-002, 45.0, 28.8
7, 57, 1, TSH-000-WHI-058, 120.0, 19.2
8, 74, 1, TSH-000-WHI-075, 60.0, 9.6
8, 40, 1, TSH-000-WHI-040, 300.0, 48.0
8, 44, 3, TSH-000-WHI-044, 200.0, 96.0
8, 6, 2, TSH-000-WHI-006, 90.0, 28.8
8, 41, 1, TSH-000-WHI-041, 300.0, 48.0
8, 60, 5, TSH-000-WHI-061, 120.0, 96.0
8, 54, 2, TSH-000-WHI-055, 120.0, 38.4
8, 76, 4, TSH-000-WHI-077, 400.0, 256.0
8, 84, 1, TSH-000-WHI-085, 700.0, 112.0
8, 67, 5, TSH-000-WHI-068, 588.0, 470.4
9, 37, 2, TSH-000-WHI-037, 300.0, 96.0
9, 60, 1, TSH-000-WHI-061, 120.0, 19.2
9, 49, 3, TSH-000-WHI-050, 120.0, 57.6
10, 42, 1, TSH-000-WHI-042, 200.0, 32.0
10, 54, 1, TSH-000-WHI-055, 120.0, 19.2
10, 33, 2, TSH-000-WHI-033, 150.0, 138.0
10, 15, 5, TSH-000-WHI-015, 50.0, 40.0
10, 30, 5, TSH-000-WHI-030, 100.0, 230.0
10, 72, 1, TSH-000-WHI-073, 80.0, 12.8
10, 35, 1, TSH-000-WHI-035, 150.0, 24.0
11, 10, 3, TSH-000-WHI-010, 167.0, 80.16
11, 87, 4, TSH-000-WHI-088, 600.0, 384.0
11, 49, 1, TSH-000-WHI-050, 120.0, 19.2
12, 67, 2, TSH-000-WHI-068, 588.0, 188.16
12, 33, 3, TSH-000-WHI-033, 150.0, 207.0
12, 23, 4, TSH-000-WHI-023, 43.0, 79.12
12, 34, 5, TSH-000-WHI-034, 150.0, 345.0
12, 73, 4, TSH-000-WHI-074, 95.5, 61.12
13, 83, 1, TSH-000-WHI-084, 600.0, 96.0
14, 47, 1, TSH-000-WHI-048, 160.0, 25.6
14, 32, 4, TSH-000-WHI-032, 80.0, 147.2
14, 17, 4, TSH-000-WHI-017, 40.0, 25.6
15, 85, 3, TSH-000-WHI-086, 800.0, 384.0
15, 37, 4, TSH-000-WHI-037, 300.0, 192.0
15, 13, 4, TSH-000-WHI-013, 300.0, 192.0
15, 86, 3, TSH-000-WHI-087, 900.0, 432.0
15, 7, 3, TSH-000-WHI-007, 145.0, 69.6
15, 82, 4, TSH-000-WHI-083, 650.0, 416.0
15, 45, 5, TSH-000-WHI-045, 230.0, 184.0
16, 22, 3, TSH-000-WHI-022, 432.0, 596.16
16, 64, 1, TSH-000-WHI-065, 343.0, 54.88
16, 48, 2, TSH-000-WHI-049, 120.0, 38.4
16, 62, 3, TSH-000-WHI-063, 244.0, 117.12
17, 10, 2, TSH-000-WHI-010, 167.0, 53.44
18, 33, 2, TSH-000-WHI-033, 150.0, 138.0
18, 4, 3, TSH-000-WHI-004, 120.0, 57.6
18, 47, 1, TSH-000-WHI-048, 160.0, 25.6
18, 5, 5, TSH-000-WHI-005, 78.0, 62.4
18, 82, 3, TSH-000-WHI-083, 650.0, 312.0
18, 100, 2, TSH-000-WHI-101, 34.0, 10.88
18, 30, 2, TSH-000-WHI-030, 100.0, 92.0
18, 6, 3, TSH-000-WHI-006, 90.0, 43.2
19, 65, 2, TSH-000-WHI-066, 120.0, 38.4
20, 11, 2, TSH-000-WHI-011, 400.0, 128.0
20, 52, 2, TSH-000-WHI-053, 400.0, 128.0
20, 16, 3, TSH-000-WHI-016, 190.0, 91.2
20, 5, 5, TSH-000-WHI-005, 78.0, 62.4
20, 59, 5, TSH-000-WHI-060, 345.0, 276.0
20, 15, 5, TSH-000-WHI-015, 50.0, 40.0
21, 69, 4, TSH-000-WHI-070, 80.0, 51.2
21, 40, 3, TSH-000-WHI-040, 300.0, 144.0
21, 59, 2, TSH-000-WHI-060, 345.0, 110.4
21, 95, 4, TSH-000-WHI-096, 134.0, 85.76
21, 54, 1, TSH-000-WHI-055, 120.0, 19.2
21, 49, 5, TSH-000-WHI-050, 120.0, 96.0
21, 78, 1, TSH-000-WHI-079, 350.0, 56.0
21, 56, 4, TSH-000-WHI-057, 120.0, 76.8
22, 68, 4, TSH-000-WHI-069, 120.0, 76.8
22, 27, 3, TSH-000-WHI-027, 500.0, 690.0
22, 70, 4, TSH-000-WHI-071, 240.0, 153.6
22, 69, 1, TSH-000-WHI-070, 80.0, 12.8
23, 8, 5, TSH-000-WHI-008, 234.0, 187.2
23, 33, 5, TSH-000-WHI-033, 150.0, 345.0
23, 57, 3, TSH-000-WHI-058, 120.0, 57.6
23, 64, 2, TSH-000-WHI-065, 343.0, 109.76
24, 61, 1, TSH-000-WHI-062, 565.0, 90.4
24, 10, 5, TSH-000-WHI-010, 167.0, 133.6
24, 65, 2, TSH-000-WHI-066, 120.0, 38.4
24, 42, 1, TSH-000-WHI-042, 200.0, 32.0
24, 53, 2, TSH-000-WHI-054, 120.0, 38.4
24, 89, 5, TSH-000-WHI-090, 900.0, 720.0
24, 25, 4, TSH-000-WHI-025, 235.0, 432.4
24, 96, 1, TSH-000-WHI-097, 167.0, 26.72
24, 51, 3, TSH-000-WHI-052, 120.0, 57.6
24, 84, 1, TSH-000-WHI-085, 700.0, 112.0
25, 60, 4, TSH-000-WHI-061, 120.0, 76.8
25, 71, 1, TSH-000-WHI-072, 240.0, 38.4
25, 32, 5, TSH-000-WHI-032, 80.0, 184.0
25, 56, 2, TSH-000-WHI-057, 120.0, 38.4
25, 20, 5, TSH-000-WHI-020, 100.0, 230.0
25, 53, 2, TSH-000-WHI-054, 120.0, 38.4
25, 46, 4, TSH-000-WHI-047, 505.23, 323.35
25, 37, 1, TSH-000-WHI-037, 300.0, 48.0
25, 80, 3, TSH-000-WHI-081, 500.0, 240.0
26, 68, 5, TSH-000-WHI-069, 120.0, 96.0
27, 40, 5, TSH-000-WHI-040, 300.0, 240.0
27, 67, 5, TSH-000-WHI-068, 588.0, 470.4
28, 24, 1, TSH-000-WHI-024, 532.0, 244.72
28, 59, 2, TSH-000-WHI-060, 345.0, 110.4
28, 83, 4, TSH-000-WHI-084, 600.0, 384.0
28, 38, 1, TSH-000-WHI-038, 80.0, 12.8
28, 16, 1, TSH-000-WHI-016, 190.0, 30.4
28, 22, 2, TSH-000-WHI-022, 432.0, 397.44
28, 82, 4, TSH-000-WHI-083, 650.0, 416.0
28, 96, 5, TSH-000-WHI-097, 167.0, 133.6
29, 88, 4, TSH-000-WHI-089, 1000.0, 640.0
29, 14, 2, TSH-000-WHI-014, 350.0, 112.0
29, 63, 4, TSH-000-WHI-064, 120.0, 76.8
29, 59, 5, TSH-000-WHI-060, 345.0, 276.0
29, 23, 2, TSH-000-WHI-023, 43.0, 39.56
29, 68, 1, TSH-000-WHI-069, 120.0, 19.2
30, 52, 2, TSH-000-WHI-053, 400.0, 128.0
30, 34, 3, TSH-000-WHI-034, 150.0, 207.0
30, 46, 1, TSH-000-WHI-047, 505.23, 80.84
30, 92, 5, TSH-000-WHI-093, 500.0, 400.0
30, 85, 3, TSH-000-WHI-086, 800.0, 384.0
30, 86, 4, TSH-000-WHI-087, 900.0, 576.0
30, 83, 2, TSH-000-WHI-084, 600.0, 192.0
30, 28, 5, TSH-000-WHI-028, 100.0, 230.0
30, 43, 1, TSH-000-WHI-043, 400.0, 64.0
31, 42, 3, TSH-000-WHI-042, 200.0, 96.0
31, 41, 1, TSH-000-WHI-041, 300.0, 48.0
31, 4, 3, TSH-000-WHI-004, 120.0, 57.6
32, 64, 1, TSH-000-WHI-065, 343.0, 54.88
32, 91, 4, TSH-000-WHI-092, 500.0, 320.0
32, 90, 3, TSH-000-WHI-091, 500.0, 240.0
32, 74, 3, TSH-000-WHI-075, 60.0, 28.8
32, 35, 4, TSH-000-WHI-035, 150.0, 96.0
32, 7, 3, TSH-000-WHI-007, 145.0, 69.6
32, 83, 4, TSH-000-WHI-084, 600.0, 384.0
33, 25, 3, TSH-000-WHI-025, 235.0, 324.3
33, 93, 5, TSH-000-WHI-094, 600.0, 480.0
33, 66, 5, TSH-000-WHI-067, 323.0, 258.4
33, 49, 5, TSH-000-WHI-050, 120.0, 96.0
34, 19, 1, TSH-000-WHI-019, 432.0, 69.12
34, 37, 5, TSH-000-WHI-037, 300.0, 240.0
34, 85, 1, TSH-000-WHI-086, 800.0, 128.0
34, 82, 5, TSH-000-WHI-083, 650.0, 520.0
34, 39, 4, TSH-000-WHI-039, 100.0, 64.0
34, 49, 2, TSH-000-WHI-050, 120.0, 38.4
35, 70, 3, TSH-000-WHI-071, 240.0, 115.2
35, 31, 1, TSH-000-WHI-031, 80.0, 36.8
35, 94, 2, TSH-000-WHI-095, 213.0, 68.16
35, 28, 4, TSH-000-WHI-028, 100.0, 184.0
35, 65, 1, TSH-000-WHI-066, 120.0, 19.2
36, 45, 5, TSH-000-WHI-045, 230.0, 184.0
36, 40, 2, TSH-000-WHI-040, 300.0, 96.0
36, 8, 2, TSH-000-WHI-008, 234.0, 74.88
36, 26, 5, TSH-000-WHI-026, 60.0, 138.0
36, 62, 2, TSH-000-WHI-063, 244.0, 78.08
36, 11, 1, TSH-000-WHI-011, 400.0, 64.0
36, 25, 2, TSH-000-WHI-025, 235.0, 216.2
36, 23, 1, TSH-000-WHI-023, 43.0, 19.78
37, 5, 2, TSH-000-WHI-005, 78.0, 24.96
38, 87, 4, TSH-000-WHI-088, 600.0, 384.0
38, 71, 2, TSH-000-WHI-072, 240.0, 76.8
38, 11, 3, TSH-000-WHI-011, 400.0, 192.0
38, 82, 4, TSH-000-WHI-083, 650.0, 416.0
38, 25, 4, TSH-000-WHI-025, 235.0, 432.4
38, 53, 4, TSH-000-WHI-054, 120.0, 76.8
38, 9, 4, TSH-000-WHI-009, 67.0, 42.88
39, 96, 3, TSH-000-WHI-097, 167.0, 80.16
39, 27, 4, TSH-000-WHI-027, 500.0, 920.0
39, 31, 3, TSH-000-WHI-031, 80.0, 110.4
39, 56, 1, TSH-000-WHI-057, 120.0, 19.2
39, 90, 5, TSH-000-WHI-091, 500.0, 400.0
39, 65, 1, TSH-000-WHI-066, 120.0, 19.2
39, 9, 5, TSH-000-WHI-009, 67.0, 53.6
39, 89, 4, TSH-000-WHI-090, 900.0, 576.0
39, 99, 1, TSH-000-WHI-100, 34.0, 5.44
40, 83, 3, TSH-000-WHI-084, 600.0, 288.0
40, 54, 3, TSH-000-WHI-055, 120.0, 57.6
40, 41, 2, TSH-000-WHI-041, 300.0, 96.0
40, 78, 5, TSH-000-WHI-079, 350.0, 280.0
40, 53, 2, TSH-000-WHI-054, 120.0, 38.4
41, 48, 4, TSH-000-WHI-049, 120.0, 76.8
41, 26, 5, TSH-000-WHI-026, 60.0, 138.0
41, 94, 1, TSH-000-WHI-095, 213.0, 34.08
41, 85, 1, TSH-000-WHI-086, 800.0, 128.0
41, 91, 2, TSH-000-WHI-092, 500.0, 160.0
42, 37, 3, TSH-000-WHI-037, 300.0, 144.0
42, 100, 5, TSH-000-WHI-101, 34.0, 27.2
42, 94, 5, TSH-000-WHI-095, 213.0, 170.4
42, 76, 2, TSH-000-WHI-077, 400.0, 128.0
42, 32, 5, TSH-000-WHI-032, 80.0, 184.0
42, 66, 1, TSH-000-WHI-067, 323.0, 51.68
42, 31, 5, TSH-000-WHI-031, 80.0, 184.0
42, 12, 3, TSH-000-WHI-012, 150.0, 72.0
42, 82, 3, TSH-000-WHI-083, 650.0, 312.0
43, 47, 3, TSH-000-WHI-048, 160.0, 76.8
43, 96, 5, TSH-000-WHI-097, 167.0, 133.6
43, 18, 3, TSH-000-WHI-018, 145.0, 69.6
43, 15, 1, TSH-000-WHI-015, 50.0, 8.0
43, 42, 1, TSH-000-WHI-042, 200.0, 32.0
43, 80, 3, TSH-000-WHI-081, 500.0, 240.0
44, 27, 5, TSH-000-WHI-027, 500.0, 1150.0
44, 74, 2, TSH-000-WHI-075, 60.0, 19.2
44, 54, 1, TSH-000-WHI-055, 120.0, 19.2
45, 45, 5, TSH-000-WHI-045, 230.0, 184.0
45, 65, 5, TSH-000-WHI-066, 120.0, 96.0
45, 92, 4, TSH-000-WHI-093, 500.0, 320.0
46, 91, 5, TSH-000-WHI-092, 500.0, 400.0
46, 82, 2, TSH-000-WHI-083, 650.0, 208.0
46, 12, 2, TSH-000-WHI-012, 150.0, 48.0
46, 30, 1, TSH-000-WHI-030, 100.0, 46.0
46, 87, 3, TSH-000-WHI-088, 600.0, 288.0
46, 59, 1, TSH-000-WHI-060, 345.0, 55.2
46, 62, 4, TSH-000-WHI-063, 244.0, 156.16
46, 14, 4, TSH-000-WHI-014, 350.0, 224.0
46, 27, 4, TSH-000-WHI-027, 500.0, 920.0
47, 22, 2, TSH-000-WHI-022, 432.0, 397.44
47, 30, 1, TSH-000-WHI-030, 100.0, 46.0
47, 51, 2, TSH-000-WHI-052, 120.0, 38.4
47, 4, 1, TSH-000-WHI-004, 120.0, 19.2
47, 73, 5, TSH-000-WHI-074, 95.5, 76.4
47, 39, 2, TSH-000-WHI-039, 100.0, 32.0
47, 15, 5, TSH-000-WHI-015, 50.0, 40.0
47, 92, 1, TSH-000-WHI-093, 500.0, 80.0
47, 88, 3, TSH-000-WHI-089, 1000.0, 480.0
48, 71, 1, TSH-000-WHI-072, 240.0, 38.4
48, 78, 2, TSH-000-WHI-079, 350.0, 112.0
48, 58, 4, TSH-000-WHI-059, 120.0, 76.8
48, 85, 3, TSH-000-WHI-086, 800.0, 384.0
48, 93, 1, TSH-000-WHI-094, 600.0, 96.0
48, 45, 4, TSH-000-WHI-045, 230.0, 147.2
49, 17, 1, TSH-000-WHI-017, 40.0, 6.4
49, 88, 2, TSH-000-WHI-089, 1000.0, 320.0
49, 31, 4, TSH-000-WHI-031, 80.0, 147.2
49, 36, 1, TSH-000-WHI-036, 150.0, 24.0
49, 62, 1, TSH-000-WHI-063, 244.0, 39.04
49, 80, 1, TSH-000-WHI-081, 500.0, 80.0
49, 68, 2, TSH-000-WHI-069, 120.0, 38.4
49, 53, 1, TSH-000-WHI-054, 120.0, 19.2
49, 32, 4, TSH-000-WHI-032, 80.0, 147.2
50, 42, 4, TSH-000-WHI-042, 200.0, 128.0
50, 91, 2, TSH-000-WHI-092, 500.0, 160.0
51, 67, 3, TSH-000-WHI-068, 588.0, 282.24
51, 100, 2, TSH-000-WHI-101, 34.0, 10.88
51, 12, 4, TSH-000-WHI-012, 150.0, 96.0
51, 11, 2, TSH-000-WHI-011, 400.0, 128.0
51, 52, 4, TSH-000-WHI-053, 400.0, 256.0
51, 4, 4, TSH-000-WHI-004, 120.0, 76.8
51, 29, 5, TSH-000-WHI-029, 80.0, 184.0
51, 44, 3, TSH-000-WHI-044, 200.0, 96.0
51, 36, 4, TSH-000-WHI-036, 150.0, 96.0
52, 68, 1, TSH-000-WHI-069, 120.0, 19.2
52, 90, 4, TSH-000-WHI-091, 500.0, 320.0
52, 31, 4, TSH-000-WHI-031, 80.0, 147.2
52, 93, 3, TSH-000-WHI-094, 600.0, 288.0
52, 1, 3, TSH-000-WHI-001, 250.0, 120.0
52, 87, 4, TSH-000-WHI-088, 600.0, 384.0
52, 14, 5, TSH-000-WHI-014, 350.0, 280.0
52, 8, 1, TSH-000-WHI-008, 234.0, 37.44
53, 47, 4, TSH-000-WHI-048, 160.0, 102.4
53, 21, 4, TSH-000-WHI-021, 320.0, 588.8
53, 96, 2, TSH-000-WHI-097, 167.0, 53.44
53, 14, 4, TSH-000-WHI-014, 350.0, 224.0
54, 70, 1, TSH-000-WHI-071, 240.0, 38.4
54, 91, 4, TSH-000-WHI-092, 500.0, 320.0
54, 52, 1, TSH-000-WHI-053, 400.0, 64.0
54, 77, 3, TSH-000-WHI-078, 600.0, 288.0
54, 37, 2, TSH-000-WHI-037, 300.0, 96.0
54, 45, 1, TSH-000-WHI-045, 230.0, 36.8
54, 99, 4, TSH-000-WHI-100, 34.0, 21.76
54, 86, 3, TSH-000-WHI-087, 900.0, 432.0
54, 46, 1, TSH-000-WHI-047, 505.23, 80.84
55, 12, 4, TSH-000-WHI-012, 150.0, 96.0
55, 71, 5, TSH-000-WHI-072, 240.0, 192.0
55, 85, 1, TSH-000-WHI-086, 800.0, 128.0
56, 17, 5, TSH-000-WHI-017, 40.0, 32.0
57, 41, 2, TSH-000-WHI-041, 300.0, 96.0
57, 69, 4, TSH-000-WHI-070, 80.0, 51.2
57, 27, 4, TSH-000-WHI-027, 500.0, 920.0
57, 38, 1, TSH-000-WHI-038, 80.0, 12.8
57, 13, 4, TSH-000-WHI-013, 300.0, 192.0
57, 65, 5, TSH-000-WHI-066, 120.0, 96.0
57, 79, 1, TSH-000-WHI-080, 300.0, 48.0
57, 12, 1, TSH-000-WHI-012, 150.0, 24.0
57, 20, 1, TSH-000-WHI-020, 100.0, 46.0
58, 17, 5, TSH-000-WHI-017, 40.0, 32.0
58, 20, 1, TSH-000-WHI-020, 100.0, 46.0
58, 21, 1, TSH-000-WHI-021, 320.0, 147.2
58, 33, 2, TSH-000-WHI-033, 150.0, 138.0
58, 57, 4, TSH-000-WHI-058, 120.0, 76.8
58, 7, 5, TSH-000-WHI-007, 145.0, 116.0
58, 1, 1, TSH-000-WHI-001, 250.0, 40.0
58, 30, 2, TSH-000-WHI-030, 100.0, 92.0
58, 55, 5, TSH-000-WHI-056, 800.0, 640.0
59, 25, 5, TSH-000-WHI-025, 235.0, 540.5
59, 90, 3, TSH-000-WHI-091, 500.0, 240.0
59, 54, 4, TSH-000-WHI-055, 120.0, 76.8
59, 9, 4, TSH-000-WHI-009, 67.0, 42.88
59, 15, 5, TSH-000-WHI-015, 50.0, 40.0
60, 78, 2, TSH-000-WHI-079, 350.0, 112.0
60, 90, 4, TSH-000-WHI-091, 500.0, 320.0
61, 35, 3, TSH-000-WHI-035, 150.0, 72.0
61, 56, 5, TSH-000-WHI-057, 120.0, 96.0
61, 50, 4, TSH-000-WHI-051, 120.0, 76.8
62, 46, 3, TSH-000-WHI-047, 505.23, 242.51
62, 19, 5, TSH-000-WHI-019, 432.0, 345.6
62, 5, 1, TSH-000-WHI-005, 78.0, 12.48
62, 99, 2, TSH-000-WHI-100, 34.0, 10.88
62, 18, 1, TSH-000-WHI-018, 145.0, 23.2
62, 98, 1, TSH-000-WHI-099, 34.0, 5.44
62, 92, 2, TSH-000-WHI-093, 500.0, 160.0
63, 39, 5, TSH-000-WHI-039, 100.0, 80.0
63, 14, 2, TSH-000-WHI-014, 350.0, 112.0
63, 97, 2, TSH-000-WHI-098, 34.0, 10.88
63, 47, 5, TSH-000-WHI-048, 160.0, 128.0
63, 6, 3, TSH-000-WHI-006, 90.0, 43.2
63, 40, 3, TSH-000-WHI-040, 300.0, 144.0
63, 4, 2, TSH-000-WHI-004, 120.0, 38.4
63, 72, 4, TSH-000-WHI-073, 80.0, 51.2
64, 84, 2, TSH-000-WHI-085, 700.0, 224.0
64, 38, 2, TSH-000-WHI-038, 80.0, 25.6
64, 21, 2, TSH-000-WHI-021, 320.0, 294.4
64, 86, 2, TSH-000-WHI-087, 900.0, 288.0
64, 26, 4, TSH-000-WHI-026, 60.0, 110.4
64, 69, 1, TSH-000-WHI-070, 80.0, 12.8
64, 55, 4, TSH-000-WHI-056, 800.0, 512.0
64, 58, 2, TSH-000-WHI-059, 120.0, 38.4
64, 77, 4, TSH-000-WHI-078, 600.0, 384.0
65, 41, 5, TSH-000-WHI-041, 300.0, 240.0
65, 15, 1, TSH-000-WHI-015, 50.0, 8.0
65, 60, 3, TSH-000-WHI-061, 120.0, 57.6
66, 33, 2, TSH-000-WHI-033, 150.0, 138.0
66, 62, 3, TSH-000-WHI-063, 244.0, 117.12
66, 34, 3, TSH-000-WHI-034, 150.0, 207.0
66, 37, 5, TSH-000-WHI-037, 300.0, 240.0
66, 2, 1, TSH-000-WHI-002, 45.0, 7.2
66, 93, 4, TSH-000-WHI-094, 600.0, 384.0
66, 64, 2, TSH-000-WHI-065, 343.0, 109.76
67, 97, 5, TSH-000-WHI-098, 34.0, 27.2
67, 90, 2, TSH-000-WHI-091, 500.0, 160.0
67, 87, 4, TSH-000-WHI-088, 600.0, 384.0
68, 97, 4, TSH-000-WHI-098, 34.0, 21.76
68, 83, 2, TSH-000-WHI-084, 600.0, 192.0
68, 91, 2, TSH-000-WHI-092, 500.0, 160.0
68, 98, 1, TSH-000-WHI-099, 34.0, 5.44
68, 50, 5, TSH-000-WHI-051, 120.0, 96.0
68, 86, 1, TSH-000-WHI-087, 900.0, 144.0
69, 62, 1, TSH-000-WHI-063, 244.0, 39.04
69, 89, 4, TSH-000-WHI-090, 900.0, 576.0
69, 92, 2, TSH-000-WHI-093, 500.0, 160.0
69, 12, 3, TSH-000-WHI-012, 150.0, 72.0
69, 40, 3, TSH-000-WHI-040, 300.0, 144.0
69, 95, 3, TSH-000-WHI-096, 134.0, 64.32
69, 33, 5, TSH-000-WHI-033, 150.0, 345.0
69, 57, 3, TSH-000-WHI-058, 120.0, 57.6
70, 71, 1, TSH-000-WHI-072, 240.0, 38.4
70, 32, 4, TSH-000-WHI-032, 80.0, 147.2
70, 65, 4, TSH-000-WHI-066, 120.0, 76.8
70, 2, 3, TSH-000-WHI-002, 45.0, 21.6
71, 71, 4, TSH-000-WHI-072, 240.0, 153.6
71, 66, 3, TSH-000-WHI-067, 323.0, 155.04
71, 6, 4, TSH-000-WHI-006, 90.0, 57.6
72, 78, 4, TSH-000-WHI-079, 350.0, 224.0
72, 73, 4, TSH-000-WHI-074, 95.5, 61.12
73, 23, 5, TSH-000-WHI-023, 43.0, 98.9
73, 42, 4, TSH-000-WHI-042, 200.0, 128.0
73, 93, 5, TSH-000-WHI-094, 600.0, 480.0
73, 20, 4, TSH-000-WHI-020, 100.0, 184.0
74, 22, 2, TSH-000-WHI-022, 432.0, 397.44
74, 14, 2, TSH-000-WHI-014, 350.0, 112.0
75, 20, 3, TSH-000-WHI-020, 100.0, 138.0
75, 47, 2, TSH-000-WHI-048, 160.0, 51.2
75, 48, 5, TSH-000-WHI-049, 120.0, 96.0
75, 50, 4, TSH-000-WHI-051, 120.0, 76.8
75, 26, 5, TSH-000-WHI-026, 60.0, 138.0
75, 17, 2, TSH-000-WHI-017, 40.0, 12.8
76, 68, 4, TSH-000-WHI-069, 120.0, 76.8
77, 97, 5, TSH-000-WHI-098, 34.0, 27.2
77, 41, 3, TSH-000-WHI-041, 300.0, 144.0
77, 54, 2, TSH-000-WHI-055, 120.0, 38.4
77, 88, 5, TSH-000-WHI-089, 1000.0, 800.0
77, 100, 1, TSH-000-WHI-101, 34.0, 5.44
77, 60, 5, TSH-000-WHI-061, 120.0, 96.0
78, 91, 1, TSH-000-WHI-092, 500.0, 80.0
78, 25, 5, TSH-000-WHI-025, 235.0, 540.5
78, 23, 2, TSH-000-WHI-023, 43.0, 39.56
78, 67, 5, TSH-000-WHI-068, 588.0, 470.4
79, 30, 1, TSH-000-WHI-030, 100.0, 46.0
79, 23, 4, TSH-000-WHI-023, 43.0, 79.12
79, 64, 4, TSH-000-WHI-065, 343.0, 219.52
79, 37, 1, TSH-000-WHI-037, 300.0, 48.0
79, 72, 2, TSH-000-WHI-073, 80.0, 25.6
79, 74, 4, TSH-000-WHI-075, 60.0, 38.4
79, 98, 4, TSH-000-WHI-099, 34.0, 21.76
80, 69, 1, TSH-000-WHI-070, 80.0, 12.8
80, 32, 1, TSH-000-WHI-032, 80.0, 36.8
80, 45, 4, TSH-000-WHI-045, 230.0, 147.2
80, 21, 1, TSH-000-WHI-021, 320.0, 147.2
81, 91, 3, TSH-000-WHI-092, 500.0, 240.0
81, 50, 1, TSH-000-WHI-051, 120.0, 19.2
81, 81, 1, TSH-000-WHI-082, 600.0, 96.0
81, 38, 5, TSH-000-WHI-038, 80.0, 64.0
81, 30, 2, TSH-000-WHI-030, 100.0, 92.0
81, 1, 4, TSH-000-WHI-001, 250.0, 160.0
81, 57, 2, TSH-000-WHI-058, 120.0, 38.4
81, 88, 3, TSH-000-WHI-089, 1000.0, 480.0
82, 73, 2, TSH-000-WHI-074, 95.5, 30.56
82, 71, 3, TSH-000-WHI-072, 240.0, 115.2
82, 91, 5, TSH-000-WHI-092, 500.0, 400.0
82, 66, 5, TSH-000-WHI-067, 323.0, 258.4
82, 41, 2, TSH-000-WHI-041, 300.0, 96.0
82, 30, 4, TSH-000-WHI-030, 100.0, 184.0
82, 52, 4, TSH-000-WHI-053, 400.0, 256.0
82, 45, 1, TSH-000-WHI-045, 230.0, 36.8
83, 94, 1, TSH-000-WHI-095, 213.0, 34.08
83, 65, 4, TSH-000-WHI-066, 120.0, 76.8
83, 59, 4, TSH-000-WHI-060, 345.0, 220.8
83, 96, 4, TSH-000-WHI-097, 167.0, 106.88
83, 21, 4, TSH-000-WHI-021, 320.0, 588.8
83, 36, 4, TSH-000-WHI-036, 150.0, 96.0
83, 76, 1, TSH-000-WHI-077, 400.0, 64.0
84, 40, 2, TSH-000-WHI-040, 300.0, 96.0
84, 33, 3, TSH-000-WHI-033, 150.0, 207.0
84, 15, 4, TSH-000-WHI-015, 50.0, 32.0
85, 1, 3, TSH-000-WHI-001, 250.0, 120.0
85, 69, 1, TSH-000-WHI-070, 80.0, 12.8
85, 87, 1, TSH-000-WHI-088, 600.0, 96.0
85, 37, 2, TSH-000-WHI-037, 300.0, 96.0
85, 97, 1, TSH-000-WHI-098, 34.0, 5.44
85, 77, 1, TSH-000-WHI-078, 600.0, 96.0
85, 41, 2, TSH-000-WHI-041, 300.0, 96.0
85, 48, 2, TSH-000-WHI-049, 120.0, 38.4
85, 64, 5, TSH-000-WHI-065, 343.0, 274.4
85, 42, 2, TSH-000-WHI-042, 200.0, 64.0
86, 29, 1, TSH-000-WHI-029, 80.0, 36.8
86, 44, 2, TSH-000-WHI-044, 200.0, 64.0
86, 65, 1, TSH-000-WHI-066, 120.0, 19.2
86, 14, 4, TSH-000-WHI-014, 350.0, 224.0
86, 56, 5, TSH-000-WHI-057, 120.0, 96.0
86, 61, 5, TSH-000-WHI-062, 565.0, 452.0
86, 7, 4, TSH-000-WHI-007, 145.0, 92.8
86, 19, 4, TSH-000-WHI-019, 432.0, 276.48
87, 20, 3, TSH-000-WHI-020, 100.0, 138.0
87, 97, 1, TSH-000-WHI-098, 34.0, 5.44
87, 30, 1, TSH-000-WHI-030, 100.0, 46.0
87, 34, 3, TSH-000-WHI-034, 150.0, 207.0
87, 38, 4, TSH-000-WHI-038, 80.0, 51.2
87, 94, 2, TSH-000-WHI-095, 213.0, 68.16
87, 84, 2, TSH-000-WHI-085, 700.0, 224.0
88, 90, 5, TSH-000-WHI-091, 500.0, 400.0
88, 15, 4, TSH-000-WHI-015, 50.0, 32.0
88, 98, 1, TSH-000-WHI-099, 34.0, 5.44
88, 29, 2, TSH-000-WHI-029, 80.0, 73.6
88, 38, 2, TSH-000-WHI-038, 80.0, 25.6
88, 41, 3, TSH-000-WHI-041, 300.0, 144.0
88, 83, 4, TSH-000-WHI-084, 600.0, 384.0
88, 99, 2, TSH-000-WHI-100, 34.0, 10.88
88, 43, 1, TSH-000-WHI-043, 400.0, 64.0
88, 24, 1, TSH-000-WHI-024, 532.0, 244.72
89, 62, 3, TSH-000-WHI-063, 244.0, 117.12
89, 6, 4, TSH-000-WHI-006, 90.0, 57.6
89, 77, 1, TSH-000-WHI-078, 600.0, 96.0
89, 45, 3, TSH-000-WHI-045, 230.0, 110.4
89, 82, 4, TSH-000-WHI-083, 650.0, 416.0
90, 42, 1, TSH-000-WHI-042, 200.0, 32.0
90, 1, 2, TSH-000-WHI-001, 250.0, 80.0
91, 88, 4, TSH-000-WHI-089, 1000.0, 640.0
91, 37, 4, TSH-000-WHI-037, 300.0, 192.0
91, 71, 3, TSH-000-WHI-072, 240.0, 115.2
91, 54, 2, TSH-000-WHI-055, 120.0, 38.4
91, 70, 1, TSH-000-WHI-071, 240.0, 38.4
91, 6, 1, TSH-000-WHI-006, 90.0, 14.4
91, 92, 1, TSH-000-WHI-093, 500.0, 80.0
91, 64, 4, TSH-000-WHI-065, 343.0, 219.52
92, 13, 4, TSH-000-WHI-013, 300.0, 192.0
92, 85, 2, TSH-000-WHI-086, 800.0, 256.0
92, 36, 5, TSH-000-WHI-036, 150.0, 120.0
92, 42, 2, TSH-000-WHI-042, 200.0, 64.0
93, 98, 1, TSH-000-WHI-099, 34.0, 5.44
93, 18, 2, TSH-000-WHI-018, 145.0, 46.4
93, 68, 4, TSH-000-WHI-069, 120.0, 76.8
93, 89, 3, TSH-000-WHI-090, 900.0, 432.0
93, 70, 3, TSH-000-WHI-071, 240.0, 115.2
93, 61, 3, TSH-000-WHI-062, 565.0, 271.2
94, 38, 1, TSH-000-WHI-038, 80.0, 12.8
95, 11, 1, TSH-000-WHI-011, 400.0, 64.0
95, 85, 5, TSH-000-WHI-086, 800.0, 640.0
95, 22, 4, TSH-000-WHI-022, 432.0, 794.88
95, 20, 5, TSH-000-WHI-020, 100.0, 230.0
96, 23, 5, TSH-000-WHI-023, 43.0, 98.9
96, 18, 4, TSH-000-WHI-018, 145.0, 92.8
96, 63, 3, TSH-000-WHI-064, 120.0, 57.6
97, 96, 3, TSH-000-WHI-097, 167.0, 80.16
97, 54, 2, TSH-000-WHI-055, 120.0, 38.4
97, 28, 1, TSH-000-WHI-028, 100.0, 46.0
97, 93, 5, TSH-000-WHI-094, 600.0, 480.0
97, 34, 1, TSH-000-WHI-034, 150.0, 69.0
97, 47, 2, TSH-000-WHI-048, 160.0, 51.2
97, 80, 4, TSH-000-WHI-081, 500.0, 320.0
97, 39, 4, TSH-000-WHI-039, 100.0, 64.0
98, 58, 2, TSH-000-WHI-059, 120.0, 38.4
98, 56, 5, TSH-000-WHI-057, 120.0, 96.0
98, 59, 3, TSH-000-WHI-060, 345.0, 165.6
98, 79, 5, TSH-000-WHI-080, 300.0, 240.0
98, 64, 5, TSH-000-WHI-065, 343.0, 274.4
98, 20, 2, TSH-000-WHI-020, 100.0, 92.0
99, 69, 3, TSH-000-WHI-070, 80.0, 38.4
99, 1, 5, TSH-000-WHI-001, 250.0, 200.0
99, 12, 2, TSH-000-WHI-012, 150.0, 48.0
99, 36, 5, TSH-000-WHI-036, 150.0, 120.0
99, 10, 3, TSH-000-WHI-010, 167.0, 80.16
99, 25, 4, TSH-000-WHI-025, 235.0, 432.4
99, 44, 3, TSH-000-WHI-044, 200.0, 96.0
99, 19, 4, TSH-000-WHI-019, 432.0, 276.48
99, 81, 4, TSH-000-WHI-082, 600.0, 384.0
99, 32, 2, TSH-000-WHI-032, 80.0, 73.6
100, 32, 3, TSH-000-WHI-032, 80.0, 110.4
101, 2, 2, TSH-000-WHI-002, 45.0, 14.4
102, 7, 5, TSH-000-WHI-007, 145.0, 116.0
102, 20, 5, TSH-000-WHI-020, 100.0, 230.0
102, 82, 4, TSH-000-WHI-083, 650.0, 416.0
102, 35, 5, TSH-000-WHI-035, 150.0, 120.0
102, 11, 3, TSH-000-WHI-011, 400.0, 192.0
102, 49, 4, TSH-000-WHI-050, 120.0, 76.8
102, 52, 5, TSH-000-WHI-053, 400.0, 320.0
102, 30, 5, TSH-000-WHI-030, 100.0, 230.0
102, 79, 4, TSH-000-WHI-080, 300.0, 192.0
103, 4, 1, TSH-000-WHI-004, 120.0, 19.2
103, 65, 5, TSH-000-WHI-066, 120.0, 96.0
103, 77, 5, TSH-000-WHI-078, 600.0, 480.0
103, 78, 1, TSH-000-WHI-079, 350.0, 56.0
104, 79, 1, TSH-000-WHI-080, 300.0, 48.0
104, 88, 5, TSH-000-WHI-089, 1000.0, 800.0
104, 26, 5, TSH-000-WHI-026, 60.0, 138.0
104, 98, 4, TSH-000-WHI-099, 34.0, 21.76
104, 12, 2, TSH-000-WHI-012, 150.0, 48.0
104, 51, 2, TSH-000-WHI-052, 120.0, 38.4
104, 33, 2, TSH-000-WHI-033, 150.0, 138.0
104, 32, 1, TSH-000-WHI-032, 80.0, 36.8
105, 6, 4, TSH-000-WHI-006, 90.0, 57.6
105, 62, 4, TSH-000-WHI-063, 244.0, 156.16
106, 79, 4, TSH-000-WHI-080, 300.0, 192.0
106, 29, 5, TSH-000-WHI-029, 80.0, 184.0
107, 14, 4, TSH-000-WHI-014, 350.0, 224.0
107, 59, 1, TSH-000-WHI-060, 345.0, 55.2
107, 85, 1, TSH-000-WHI-086, 800.0, 128.0
107, 99, 5, TSH-000-WHI-100, 34.0, 27.2
107, 98, 1, TSH-000-WHI-099, 34.0, 5.44
107, 17, 5, TSH-000-WHI-017, 40.0, 32.0
107, 11, 3, TSH-000-WHI-011, 400.0, 192.0
107, 67, 4, TSH-000-WHI-068, 588.0, 376.32
108, 48, 5, TSH-000-WHI-049, 120.0, 96.0
108, 17, 1, TSH-000-WHI-017, 40.0, 6.4
108, 83, 4, TSH-000-WHI-084, 600.0, 384.0
109, 57, 4, TSH-000-WHI-058, 120.0, 76.8
109, 56, 4, TSH-000-WHI-057, 120.0, 76.8
109, 76, 2, TSH-000-WHI-077, 400.0, 128.0
110, 46, 2, TSH-000-WHI-047, 505.23, 161.67
111, 85, 2, TSH-000-WHI-086, 800.0, 256.0
111, 41, 3, TSH-000-WHI-041, 300.0, 144.0
111, 60, 4, TSH-000-WHI-061, 120.0, 76.8
111, 51, 2, TSH-000-WHI-052, 120.0, 38.4
111, 74, 5, TSH-000-WHI-075, 60.0, 48.0
111, 88, 4, TSH-000-WHI-089, 1000.0, 640.0
112, 89, 1, TSH-000-WHI-090, 900.0, 144.0
113, 14, 4, TSH-000-WHI-014, 350.0, 224.0
113, 27, 2, TSH-000-WHI-027, 500.0, 460.0
113, 56, 4, TSH-000-WHI-057, 120.0, 76.8
113, 32, 3, TSH-000-WHI-032, 80.0, 110.4
114, 36, 3, TSH-000-WHI-036, 150.0, 72.0
114, 53, 5, TSH-000-WHI-054, 120.0, 96.0
115, 11, 5, TSH-000-WHI-011, 400.0, 320.0
115, 30, 2, TSH-000-WHI-030, 100.0, 92.0
115, 7, 3, TSH-000-WHI-007, 145.0, 69.6
115, 39, 3, TSH-000-WHI-039, 100.0, 48.0
115, 79, 2, TSH-000-WHI-080, 300.0, 96.0
115, 4, 5, TSH-000-WHI-004, 120.0, 96.0
115, 91, 1, TSH-000-WHI-092, 500.0, 80.0
115, 88, 1, TSH-000-WHI-089, 1000.0, 160.0
115, 97, 3, TSH-000-WHI-098, 34.0, 16.32
115, 77, 3, TSH-000-WHI-078, 600.0, 288.0
116, 90, 1, TSH-000-WHI-091, 500.0, 80.0
116, 29, 3, TSH-000-WHI-029, 80.0, 110.4
117, 70, 2, TSH-000-WHI-071, 240.0, 76.8
117, 21, 5, TSH-000-WHI-021, 320.0, 736.0
117, 19, 2, TSH-000-WHI-019, 432.0, 138.24
117, 58, 2, TSH-000-WHI-059, 120.0, 38.4
117, 33, 4, TSH-000-WHI-033, 150.0, 276.0
117, 94, 1, TSH-000-WHI-095, 213.0, 34.08
117, 45, 4, TSH-000-WHI-045, 230.0, 147.2
118, 98, 5, TSH-000-WHI-099, 34.0, 27.2
118, 65, 2, TSH-000-WHI-066, 120.0, 38.4
118, 92, 5, TSH-000-WHI-093, 500.0, 400.0
118, 3, 3, TSH-000-WHI-003, 156.0, 74.88
118, 17, 4, TSH-000-WHI-017, 40.0, 25.6
118, 68, 4, TSH-000-WHI-069, 120.0, 76.8
118, 97, 1, TSH-000-WHI-098, 34.0, 5.44
118, 49, 3, TSH-000-WHI-050, 120.0, 57.6
118, 56, 4, TSH-000-WHI-057, 120.0, 76.8
119, 91, 2, TSH-000-WHI-092, 500.0, 160.0
119, 9, 1, TSH-000-WHI-009, 67.0, 10.72
119, 3, 3, TSH-000-WHI-003, 156.0, 74.88
119, 99, 4, TSH-000-WHI-100, 34.0, 21.76
119, 48, 5, TSH-000-WHI-049, 120.0, 96.0
119, 68, 3, TSH-000-WHI-069, 120.0, 57.6
119, 85, 5, TSH-000-WHI-086, 800.0, 640.0
120, 20, 1, TSH-000-WHI-020, 100.0, 46.0
120, 7, 2, TSH-000-WHI-007, 145.0, 46.4
120, 73, 3, TSH-000-WHI-074, 95.5, 45.84
120, 94, 3, TSH-000-WHI-095, 213.0, 102.24
121, 7, 4, TSH-000-WHI-007, 145.0, 92.8
121, 61, 3, TSH-000-WHI-062, 565.0, 271.2
121, 59, 1, TSH-000-WHI-060, 345.0, 55.2
121, 58, 3, TSH-000-WHI-059, 120.0, 57.6
122, 53, 4, TSH-000-WHI-054, 120.0, 76.8
122, 90, 4, TSH-000-WHI-091, 500.0, 320.0
122, 29, 3, TSH-000-WHI-029, 80.0, 110.4
123, 62, 2, TSH-000-WHI-063, 244.0, 78.08
123, 11, 2, TSH-000-WHI-011, 400.0, 128.0
123, 12, 3, TSH-000-WHI-012, 150.0, 72.0
123, 77, 3, TSH-000-WHI-078, 600.0, 288.0
123, 38, 4, TSH-000-WHI-038, 80.0, 51.2
124, 79, 2, TSH-000-WHI-080, 300.0, 96.0
124, 5, 5, TSH-000-WHI-005, 78.0, 62.4
124, 35, 3, TSH-000-WHI-035, 150.0, 72.0
124, 36, 3, TSH-000-WHI-036, 150.0, 72.0
124, 62, 5, TSH-000-WHI-063, 244.0, 195.2
125, 53, 4, TSH-000-WHI-054, 120.0, 76.8
125, 57, 2, TSH-000-WHI-058, 120.0, 38.4
125, 89, 1, TSH-000-WHI-090, 900.0, 144.0
125, 3, 3, TSH-000-WHI-003, 156.0, 74.88
125, 34, 1, TSH-000-WHI-034, 150.0, 69.0
125, 71, 2, TSH-000-WHI-072, 240.0, 76.8
126, 28, 3, TSH-000-WHI-028, 100.0, 138.0
126, 45, 3, TSH-000-WHI-045, 230.0, 110.4
126, 94, 3, TSH-000-WHI-095, 213.0, 102.24
126, 67, 2, TSH-000-WHI-068, 588.0, 188.16
126, 37, 4, TSH-000-WHI-037, 300.0, 192.0
126, 33, 5, TSH-000-WHI-033, 150.0, 345.0
126, 65, 2, TSH-000-WHI-066, 120.0, 38.4
127, 84, 1, TSH-000-WHI-085, 700.0, 112.0
127, 85, 1, TSH-000-WHI-086, 800.0, 128.0
127, 60, 5, TSH-000-WHI-061, 120.0, 96.0
127, 21, 3, TSH-000-WHI-021, 320.0, 441.6
127, 97, 3, TSH-000-WHI-098, 34.0, 16.32
128, 92, 5, TSH-000-WHI-093, 500.0, 400.0
128, 20, 4, TSH-000-WHI-020, 100.0, 184.0
128, 50, 2, TSH-000-WHI-051, 120.0, 38.4
128, 29, 5, TSH-000-WHI-029, 80.0, 184.0
128, 2, 3, TSH-000-WHI-002, 45.0, 21.6
128, 32, 5, TSH-000-WHI-032, 80.0, 184.0
128, 56, 3, TSH-000-WHI-057, 120.0, 57.6
150, 3, 4, TSH-000-WHI-003, 156.0, 99.84
150, 8, 3, TSH-000-WHI-008, 234.0, 112.32
150, 22, 5, TSH-000-WHI-022, 432.0, 993.6
150, 88, 4, TSH-000-WHI-089, 1000.0, 640.0
150, 2, 2, TSH-000-WHI-002, 45.0, 14.4
150, 78, 4, TSH-000-WHI-079, 350.0, 224.0
150, 59, 4, TSH-000-WHI-060, 345.0, 220.8
150, 43, 3, TSH-000-WHI-043, 400.0, 192.0
129, 46, 4, TSH-000-WHI-047, 505.23, 323.35
129, 73, 1, TSH-000-WHI-074, 95.5, 15.28
129, 85, 3, TSH-000-WHI-086, 800.0, 384.0
129, 12, 3, TSH-000-WHI-012, 150.0, 72.0
129, 98, 4, TSH-000-WHI-099, 34.0, 21.76
129, 14, 3, TSH-000-WHI-014, 350.0, 168.0
129, 92, 3, TSH-000-WHI-093, 500.0, 240.0
130, 97, 2, TSH-000-WHI-098, 34.0, 10.88
131, 22, 5, TSH-000-WHI-022, 432.0, 993.6
131, 41, 2, TSH-000-WHI-041, 300.0, 96.0
132, 46, 1, TSH-000-WHI-047, 505.23, 80.84
132, 21, 3, TSH-000-WHI-021, 320.0, 441.6
132, 49, 1, TSH-000-WHI-050, 120.0, 19.2
132, 23, 3, TSH-000-WHI-023, 43.0, 59.34
132, 99, 1, TSH-000-WHI-100, 34.0, 5.44
132, 55, 3, TSH-000-WHI-056, 800.0, 384.0
132, 64, 3, TSH-000-WHI-065, 343.0, 164.64
132, 100, 4, TSH-000-WHI-101, 34.0, 21.76
132, 70, 2, TSH-000-WHI-071, 240.0, 76.8
132, 62, 1, TSH-000-WHI-063, 244.0, 39.04
133, 8, 2, TSH-000-WHI-008, 234.0, 74.88
134, 84, 2, TSH-000-WHI-085, 700.0, 224.0
134, 48, 4, TSH-000-WHI-049, 120.0, 76.8
134, 28, 1, TSH-000-WHI-028, 100.0, 46.0
134, 10, 1, TSH-000-WHI-010, 167.0, 26.72
134, 92, 2, TSH-000-WHI-093, 500.0, 160.0
134, 41, 1, TSH-000-WHI-041, 300.0, 48.0
134, 72, 2, TSH-000-WHI-073, 80.0, 25.6
134, 61, 5, TSH-000-WHI-062, 565.0, 452.0
134, 25, 3, TSH-000-WHI-025, 235.0, 324.3
134, 51, 5, TSH-000-WHI-052, 120.0, 96.0
135, 60, 3, TSH-000-WHI-061, 120.0, 57.6
135, 38, 2, TSH-000-WHI-038, 80.0, 25.6
135, 40, 5, TSH-000-WHI-040, 300.0, 240.0
135, 35, 2, TSH-000-WHI-035, 150.0, 48.0
135, 8, 3, TSH-000-WHI-008, 234.0, 112.32
135, 84, 3, TSH-000-WHI-085, 700.0, 336.0
135, 52, 5, TSH-000-WHI-053, 400.0, 320.0
135, 5, 1, TSH-000-WHI-005, 78.0, 12.48
135, 46, 1, TSH-000-WHI-047, 505.23, 80.84
136, 76, 1, TSH-000-WHI-077, 400.0, 64.0
136, 51, 3, TSH-000-WHI-052, 120.0, 57.6
136, 12, 3, TSH-000-WHI-012, 150.0, 72.0
136, 13, 5, TSH-000-WHI-013, 300.0, 240.0
136, 63, 5, TSH-000-WHI-064, 120.0, 96.0
136, 1, 4, TSH-000-WHI-001, 250.0, 160.0
136, 72, 1, TSH-000-WHI-073, 80.0, 12.8
136, 93, 3, TSH-000-WHI-094, 600.0, 288.0
136, 38, 4, TSH-000-WHI-038, 80.0, 51.2
136, 8, 4, TSH-000-WHI-008, 234.0, 149.76
137, 91, 2, TSH-000-WHI-092, 500.0, 160.0
137, 79, 1, TSH-000-WHI-080, 300.0, 48.0
137, 29, 4, TSH-000-WHI-029, 80.0, 147.2
137, 66, 5, TSH-000-WHI-067, 323.0, 258.4
137, 40, 2, TSH-000-WHI-040, 300.0, 96.0
137, 100, 2, TSH-000-WHI-101, 34.0, 10.88
137, 71, 1, TSH-000-WHI-072, 240.0, 38.4
138, 23, 5, TSH-000-WHI-023, 43.0, 98.9
139, 56, 5, TSH-000-WHI-057, 120.0, 96.0
139, 13, 4, TSH-000-WHI-013, 300.0, 192.0
140, 19, 2, TSH-000-WHI-019, 432.0, 138.24
140, 64, 3, TSH-000-WHI-065, 343.0, 164.64
140, 8, 5, TSH-000-WHI-008, 234.0, 187.2
140, 63, 1, TSH-000-WHI-064, 120.0, 19.2
140, 49, 5, TSH-000-WHI-050, 120.0, 96.0
141, 74, 2, TSH-000-WHI-075, 60.0, 19.2
141, 53, 1, TSH-000-WHI-054, 120.0, 19.2
141, 49, 2, TSH-000-WHI-050, 120.0, 38.4
141, 67, 3, TSH-000-WHI-068, 588.0, 282.24
141, 11, 4, TSH-000-WHI-011, 400.0, 256.0
141, 75, 1, TSH-000-WHI-076, 900.0, 144.0
141, 66, 3, TSH-000-WHI-067, 323.0, 155.04
141, 54, 2, TSH-000-WHI-055, 120.0, 38.4
141, 51, 3, TSH-000-WHI-052, 120.0, 57.6
142, 23, 1, TSH-000-WHI-023, 43.0, 19.78
142, 13, 1, TSH-000-WHI-013, 300.0, 48.0
143, 61, 1, TSH-000-WHI-062, 565.0, 90.4
144, 66, 2, TSH-000-WHI-067, 323.0, 103.36
144, 35, 3, TSH-000-WHI-035, 150.0, 72.0
144, 51, 5, TSH-000-WHI-052, 120.0, 96.0
144, 80, 2, TSH-000-WHI-081, 500.0, 160.0
145, 80, 2, TSH-000-WHI-081, 500.0, 160.0
145, 70, 1, TSH-000-WHI-071, 240.0, 38.4
145, 19, 2, TSH-000-WHI-019, 432.0, 138.24
146, 55, 1, TSH-000-WHI-056, 800.0, 128.0
146, 37, 1, TSH-000-WHI-037, 300.0, 48.0
146, 12, 1, TSH-000-WHI-012, 150.0, 24.0
147, 28, 5, TSH-000-WHI-028, 100.0, 230.0
148, 52, 1, TSH-000-WHI-053, 400.0, 64.0
148, 56, 2, TSH-000-WHI-057, 120.0, 38.4
149, 17, 1, TSH-000-WHI-017, 40.0, 6.4
149, 46, 5, TSH-000-WHI-047, 505.23, 404.18
149, 49, 5, TSH-000-WHI-050, 120.0, 96.0
149, 18, 1, TSH-000-WHI-018, 145.0, 23.2
149, 53, 1, TSH-000-WHI-054, 120.0, 19.2
149, 37, 1, TSH-000-WHI-037, 300.0, 48.0
149, 27, 4, TSH-000-WHI-027, 500.0, 920.0
149, 11, 2, TSH-000-WHI-011, 400.0, 128.0
149, 66, 3, TSH-000-WHI-067, 323.0, 155.04
151, 82, 2, TSH-000-WHI-083, 650.0, 208.0
151, 42, 2, TSH-000-WHI-042, 200.0, 64.0
151, 22, 5, TSH-000-WHI-022, 432.0, 993.6
151, 26, 5, TSH-000-WHI-026, 60.0, 138.0
151, 55, 2, TSH-000-WHI-056, 800.0, 256.0
151, 83, 1, TSH-000-WHI-084, 600.0, 96.0
151, 1, 1, TSH-000-WHI-001, 250.0, 40.0
151, 44, 1, TSH-000-WHI-044, 200.0, 32.0
151, 86, 5, TSH-000-WHI-087, 900.0, 720.0
152, 82, 4, TSH-000-WHI-083, 650.0, 416.0
152, 42, 2, TSH-000-WHI-042, 200.0, 64.0
152, 62, 1, TSH-000-WHI-063, 244.0, 39.04
152, 89, 5, TSH-000-WHI-090, 900.0, 720.0
152, 19, 1, TSH-000-WHI-019, 432.0, 69.12
153, 61, 3, TSH-000-WHI-062, 565.0, 271.2
153, 59, 3, TSH-000-WHI-060, 345.0, 165.6
153, 56, 1, TSH-000-WHI-057, 120.0, 19.2
153, 60, 2, TSH-000-WHI-061, 120.0, 38.4
153, 30, 5, TSH-000-WHI-030, 100.0, 230.0
153, 29, 5, TSH-000-WHI-029, 80.0, 184.0
153, 76, 3, TSH-000-WHI-077, 400.0, 192.0
153, 65, 4, TSH-000-WHI-066, 120.0, 76.8
154, 11, 3, TSH-000-WHI-011, 400.0, 192.0
155, 1, 5, TSH-000-WHI-001, 250.0, 200.0
155, 78, 1, TSH-000-WHI-079, 350.0, 56.0
155, 55, 4, TSH-000-WHI-056, 800.0, 512.0
156, 84, 4, TSH-000-WHI-085, 700.0, 448.0
156, 31, 4, TSH-000-WHI-031, 80.0, 147.2
156, 13, 5, TSH-000-WHI-013, 300.0, 240.0
156, 53, 4, TSH-000-WHI-054, 120.0, 76.8
157, 57, 2, TSH-000-WHI-058, 120.0, 38.4
157, 61, 2, TSH-000-WHI-062, 565.0, 180.8
157, 80, 5, TSH-000-WHI-081, 500.0, 400.0
157, 41, 1, TSH-000-WHI-041, 300.0, 48.0
157, 83, 1, TSH-000-WHI-084, 600.0, 96.0
157, 5, 2, TSH-000-WHI-005, 78.0, 24.96
157, 46, 2, TSH-000-WHI-047, 505.23, 161.67
157, 78, 2, TSH-000-WHI-079, 350.0, 112.0
158, 83, 5, TSH-000-WHI-084, 600.0, 480.0
158, 51, 4, TSH-000-WHI-052, 120.0, 76.8
159, 21, 4, TSH-000-WHI-021, 320.0, 588.8
159, 98, 5, TSH-000-WHI-099, 34.0, 27.2
159, 91, 3, TSH-000-WHI-092, 500.0, 240.0
159, 63, 2, TSH-000-WHI-064, 120.0, 38.4
159, 36, 2, TSH-000-WHI-036, 150.0, 48.0
159, 74, 3, TSH-000-WHI-075, 60.0, 28.8
159, 55, 2, TSH-000-WHI-056, 800.0, 256.0
159, 86, 3, TSH-000-WHI-087, 900.0, 432.0
159, 94, 4, TSH-000-WHI-095, 213.0, 136.32
159, 76, 3, TSH-000-WHI-077, 400.0, 192.0
160, 44, 4, TSH-000-WHI-044, 200.0, 128.0
161, 57, 3, TSH-000-WHI-058, 120.0, 57.6
161, 97, 1, TSH-000-WHI-098, 34.0, 5.44
161, 18, 3, TSH-000-WHI-018, 145.0, 69.6
161, 1, 1, TSH-000-WHI-001, 250.0, 40.0
161, 12, 4, TSH-000-WHI-012, 150.0, 96.0
161, 35, 1, TSH-000-WHI-035, 150.0, 24.0
161, 96, 3, TSH-000-WHI-097, 167.0, 80.16
161, 60, 2, TSH-000-WHI-061, 120.0, 38.4
162, 11, 4, TSH-000-WHI-011, 400.0, 256.0
162, 89, 5, TSH-000-WHI-090, 900.0, 720.0
162, 85, 5, TSH-000-WHI-086, 800.0, 640.0
162, 61, 4, TSH-000-WHI-062, 565.0, 361.6
163, 24, 1, TSH-000-WHI-024, 532.0, 244.72
163, 79, 5, TSH-000-WHI-080, 300.0, 240.0
163, 19, 1, TSH-000-WHI-019, 432.0, 69.12
163, 26, 1, TSH-000-WHI-026, 60.0, 27.6
163, 96, 5, TSH-000-WHI-097, 167.0, 133.6
163, 38, 5, TSH-000-WHI-038, 80.0, 64.0
163, 67, 2, TSH-000-WHI-068, 588.0, 188.16
164, 38, 2, TSH-000-WHI-038, 80.0, 25.6
164, 56, 1, TSH-000-WHI-057, 120.0, 19.2
164, 42, 1, TSH-000-WHI-042, 200.0, 32.0
165, 7, 2, TSH-000-WHI-007, 145.0, 46.4
165, 46, 2, TSH-000-WHI-047, 505.23, 161.67
165, 71, 5, TSH-000-WHI-072, 240.0, 192.0
165, 42, 1, TSH-000-WHI-042, 200.0, 32.0
165, 91, 1, TSH-000-WHI-092, 500.0, 80.0
165, 26, 2, TSH-000-WHI-026, 60.0, 55.2
165, 22, 2, TSH-000-WHI-022, 432.0, 397.44
165, 32, 4, TSH-000-WHI-032, 80.0, 147.2
166, 100, 2, TSH-000-WHI-101, 34.0, 10.88
166, 67, 3, TSH-000-WHI-068, 588.0, 282.24
166, 54, 3, TSH-000-WHI-055, 120.0, 57.6
166, 87, 1, TSH-000-WHI-088, 600.0, 96.0
166, 84, 5, TSH-000-WHI-085, 700.0, 560.0
166, 42, 3, TSH-000-WHI-042, 200.0, 96.0
167, 66, 1, TSH-000-WHI-067, 323.0, 51.68
167, 15, 3, TSH-000-WHI-015, 50.0, 24.0
167, 63, 1, TSH-000-WHI-064, 120.0, 19.2
167, 51, 1, TSH-000-WHI-052, 120.0, 19.2
167, 65, 5, TSH-000-WHI-066, 120.0, 96.0
167, 60, 2, TSH-000-WHI-061, 120.0, 38.4
167, 13, 2, TSH-000-WHI-013, 300.0, 96.0
167, 85, 2, TSH-000-WHI-086, 800.0, 256.0
168, 94, 4, TSH-000-WHI-095, 213.0, 136.32
168, 92, 1, TSH-000-WHI-093, 500.0, 80.0
169, 26, 1, TSH-000-WHI-026, 60.0, 27.6
169, 3, 3, TSH-000-WHI-003, 156.0, 74.88
169, 66, 3, TSH-000-WHI-067, 323.0, 155.04
169, 88, 4, TSH-000-WHI-089, 1000.0, 640.0
169, 53, 4, TSH-000-WHI-054, 120.0, 76.8
169, 9, 5, TSH-000-WHI-009, 67.0, 53.6
169, 94, 3, TSH-000-WHI-095, 213.0, 102.24
169, 69, 4, TSH-000-WHI-070, 80.0, 51.2
170, 54, 3, TSH-000-WHI-055, 120.0, 57.6
170, 42, 2, TSH-000-WHI-042, 200.0, 64.0
170, 15, 4, TSH-000-WHI-015, 50.0, 32.0
170, 94, 5, TSH-000-WHI-095, 213.0, 170.4
171, 49, 2, TSH-000-WHI-050, 120.0, 38.4
171, 72, 5, TSH-000-WHI-073, 80.0, 64.0
171, 98, 5, TSH-000-WHI-099, 34.0, 27.2
171, 12, 2, TSH-000-WHI-012, 150.0, 48.0
171, 63, 4, TSH-000-WHI-064, 120.0, 76.8
171, 50, 3, TSH-000-WHI-051, 120.0, 57.6
171, 62, 5, TSH-000-WHI-063, 244.0, 195.2
172, 84, 3, TSH-000-WHI-085, 700.0, 336.0
172, 15, 1, TSH-000-WHI-015, 50.0, 8.0
172, 95, 3, TSH-000-WHI-096, 134.0, 64.32
172, 78, 4, TSH-000-WHI-079, 350.0, 224.0
172, 74, 3, TSH-000-WHI-075, 60.0, 28.8
172, 70, 5, TSH-000-WHI-071, 240.0, 192.0
172, 67, 4, TSH-000-WHI-068, 588.0, 376.32
172, 36, 5, TSH-000-WHI-036, 150.0, 120.0
172, 25, 4, TSH-000-WHI-025, 235.0, 432.4
172, 86, 5, TSH-000-WHI-087, 900.0, 720.0
173, 77, 3, TSH-000-WHI-078, 600.0, 288.0
173, 46, 5, TSH-000-WHI-047, 505.23, 404.18
173, 90, 4, TSH-000-WHI-091, 500.0, 320.0
173, 66, 1, TSH-000-WHI-067, 323.0, 51.68
173, 52, 4, TSH-000-WHI-053, 400.0, 256.0
173, 68, 2, TSH-000-WHI-069, 120.0, 38.4
173, 79, 1, TSH-000-WHI-080, 300.0, 48.0
173, 23, 4, TSH-000-WHI-023, 43.0, 79.12
174, 6, 1, TSH-000-WHI-006, 90.0, 14.4
174, 57, 1, TSH-000-WHI-058, 120.0, 19.2
174, 19, 1, TSH-000-WHI-019, 432.0, 69.12
174, 98, 3, TSH-000-WHI-099, 34.0, 16.32
174, 73, 1, TSH-000-WHI-074, 95.5, 15.28
174, 72, 1, TSH-000-WHI-073, 80.0, 12.8
174, 18, 1, TSH-000-WHI-018, 145.0, 23.2
175, 46, 1, TSH-000-WHI-047, 505.23, 80.84
175, 18, 5, TSH-000-WHI-018, 145.0, 116.0
175, 28, 5, TSH-000-WHI-028, 100.0, 230.0
176, 73, 5, TSH-000-WHI-074, 95.5, 76.4
176, 26, 5, TSH-000-WHI-026, 60.0, 138.0
177, 74, 3, TSH-000-WHI-075, 60.0, 28.8
177, 10, 3, TSH-000-WHI-010, 167.0, 80.16
177, 31, 2, TSH-000-WHI-031, 80.0, 73.6
177, 41, 3, TSH-000-WHI-041, 300.0, 144.0
177, 84, 4, TSH-000-WHI-085, 700.0, 448.0
177, 39, 4, TSH-000-WHI-039, 100.0, 64.0
177, 27, 2, TSH-000-WHI-027, 500.0, 460.0
177, 71, 2, TSH-000-WHI-072, 240.0, 76.8
177, 18, 2, TSH-000-WHI-018, 145.0, 46.4
177, 42, 2, TSH-000-WHI-042, 200.0, 64.0
178, 99, 2, TSH-000-WHI-100, 34.0, 10.88
178, 4, 2, TSH-000-WHI-004, 120.0, 38.4
179, 35, 4, TSH-000-WHI-035, 150.0, 96.0
179, 19, 1, TSH-000-WHI-019, 432.0, 69.12
179, 84, 2, TSH-000-WHI-085, 700.0, 224.0
179, 56, 2, TSH-000-WHI-057, 120.0, 38.4
179, 99, 2, TSH-000-WHI-100, 34.0, 10.88
179, 93, 2, TSH-000-WHI-094, 600.0, 192.0
180, 74, 1, TSH-000-WHI-075, 60.0, 9.6
180, 14, 4, TSH-000-WHI-014, 350.0, 224.0
180, 46, 4, TSH-000-WHI-047, 505.23, 323.35
180, 31, 1, TSH-000-WHI-031, 80.0, 36.8
180, 85, 1, TSH-000-WHI-086, 800.0, 128.0
180, 73, 4, TSH-000-WHI-074, 95.5, 61.12
180, 29, 2, TSH-000-WHI-029, 80.0, 73.6
181, 2, 4, TSH-000-WHI-002, 45.0, 28.8
181, 43, 4, TSH-000-WHI-043, 400.0, 256.0
181, 62, 4, TSH-000-WHI-063, 244.0, 156.16
181, 21, 2, TSH-000-WHI-021, 320.0, 294.4
181, 24, 2, TSH-000-WHI-024, 532.0, 489.44
182, 60, 2, TSH-000-WHI-061, 120.0, 38.4
182, 77, 4, TSH-000-WHI-078, 600.0, 384.0
182, 54, 4, TSH-000-WHI-055, 120.0, 76.8
182, 69, 2, TSH-000-WHI-070, 80.0, 25.6
182, 56, 5, TSH-000-WHI-057, 120.0, 96.0
183, 75, 1, TSH-000-WHI-076, 900.0, 144.0
183, 61, 4, TSH-000-WHI-062, 565.0, 361.6
183, 70, 4, TSH-000-WHI-071, 240.0, 153.6
183, 15, 2, TSH-000-WHI-015, 50.0, 16.0
183, 2, 1, TSH-000-WHI-002, 45.0, 7.2
183, 47, 3, TSH-000-WHI-048, 160.0, 76.8
184, 31, 4, TSH-000-WHI-031, 80.0, 147.2
184, 6, 2, TSH-000-WHI-006, 90.0, 28.8
184, 92, 2, TSH-000-WHI-093, 500.0, 160.0
184, 38, 1, TSH-000-WHI-038, 80.0, 12.8
184, 20, 3, TSH-000-WHI-020, 100.0, 138.0
184, 3, 4, TSH-000-WHI-003, 156.0, 99.84
184, 18, 5, TSH-000-WHI-018, 145.0, 116.0
185, 18, 4, TSH-000-WHI-018, 145.0, 92.8
185, 65, 3, TSH-000-WHI-066, 120.0, 57.6
186, 54, 5, TSH-000-WHI-055, 120.0, 96.0
186, 2, 5, TSH-000-WHI-002, 45.0, 36.0
186, 37, 3, TSH-000-WHI-037, 300.0, 144.0
186, 13, 3, TSH-000-WHI-013, 300.0, 144.0
186, 41, 5, TSH-000-WHI-041, 300.0, 240.0
186, 26, 1, TSH-000-WHI-026, 60.0, 27.6
186, 53, 4, TSH-000-WHI-054, 120.0, 76.8
186, 56, 4, TSH-000-WHI-057, 120.0, 76.8
186, 76, 3, TSH-000-WHI-077, 400.0, 192.0
186, 85, 1, TSH-000-WHI-086, 800.0, 128.0
187, 65, 2, TSH-000-WHI-066, 120.0, 38.4
187, 6, 4, TSH-000-WHI-006, 90.0, 57.6
187, 80, 5, TSH-000-WHI-081, 500.0, 400.0
187, 60, 3, TSH-000-WHI-061, 120.0, 57.6
187, 54, 4, TSH-000-WHI-055, 120.0, 76.8
187, 38, 2, TSH-000-WHI-038, 80.0, 25.6
188, 99, 3, TSH-000-WHI-100, 34.0, 16.32
189, 59, 5, TSH-000-WHI-060, 345.0, 276.0
189, 35, 5, TSH-000-WHI-035, 150.0, 120.0
189, 18, 5, TSH-000-WHI-018, 145.0, 116.0
189, 53, 1, TSH-000-WHI-054, 120.0, 19.2
189, 57, 1, TSH-000-WHI-058, 120.0, 19.2
189, 77, 1, TSH-000-WHI-078, 600.0, 96.0
189, 64, 5, TSH-000-WHI-065, 343.0, 274.4
190, 34, 4, TSH-000-WHI-034, 150.0, 276.0
190, 78, 1, TSH-000-WHI-079, 350.0, 56.0
190, 57, 2, TSH-000-WHI-058, 120.0, 38.4
191, 55, 2, TSH-000-WHI-056, 800.0, 256.0
191, 40, 4, TSH-000-WHI-040, 300.0, 192.0
191, 38, 4, TSH-000-WHI-038, 80.0, 51.2
192, 13, 3, TSH-000-WHI-013, 300.0, 144.0
192, 79, 4, TSH-000-WHI-080, 300.0, 192.0
192, 56, 2, TSH-000-WHI-057, 120.0, 38.4
192, 81, 2, TSH-000-WHI-082, 600.0, 192.0
192, 41, 1, TSH-000-WHI-041, 300.0, 48.0
192, 3, 4, TSH-000-WHI-003, 156.0, 99.84
192, 63, 2, TSH-000-WHI-064, 120.0, 38.4
192, 58, 5, TSH-000-WHI-059, 120.0, 96.0
193, 14, 3, TSH-000-WHI-014, 350.0, 168.0
193, 4, 1, TSH-000-WHI-004, 120.0, 19.2
194, 45, 5, TSH-000-WHI-045, 230.0, 184.0
194, 31, 1, TSH-000-WHI-031, 80.0, 36.8
194, 42, 2, TSH-000-WHI-042, 200.0, 64.0
194, 97, 2, TSH-000-WHI-098, 34.0, 10.88
194, 90, 4, TSH-000-WHI-091, 500.0, 320.0
195, 32, 1, TSH-000-WHI-032, 80.0, 36.8
195, 68, 4, TSH-000-WHI-069, 120.0, 76.8
195, 83, 5, TSH-000-WHI-084, 600.0, 480.0
195, 60, 5, TSH-000-WHI-061, 120.0, 96.0
196, 96, 5, TSH-000-WHI-097, 167.0, 133.6
196, 44, 4, TSH-000-WHI-044, 200.0, 128.0
196, 75, 3, TSH-000-WHI-076, 900.0, 432.0
196, 99, 5, TSH-000-WHI-100, 34.0, 27.2
196, 67, 3, TSH-000-WHI-068, 588.0, 282.24
196, 64, 1, TSH-000-WHI-065, 343.0, 54.88
196, 90, 4, TSH-000-WHI-091, 500.0, 320.0
197, 50, 3, TSH-000-WHI-051, 120.0, 57.6
197, 95, 5, TSH-000-WHI-096, 134.0, 107.2
197, 34, 2, TSH-000-WHI-034, 150.0, 138.0
197, 51, 3, TSH-000-WHI-052, 120.0, 57.6
197, 100, 5, TSH-000-WHI-101, 34.0, 27.2
197, 42, 3, TSH-000-WHI-042, 200.0, 96.0
198, 84, 1, TSH-000-WHI-085, 700.0, 112.0
198, 56, 1, TSH-000-WHI-057, 120.0, 19.2
198, 90, 2, TSH-000-WHI-091, 500.0, 160.0
198, 27, 3, TSH-000-WHI-027, 500.0, 690.0
198, 93, 1, TSH-000-WHI-094, 600.0, 96.0
198, 25, 4, TSH-000-WHI-025, 235.0, 432.4
198, 85, 3, TSH-000-WHI-086, 800.0, 384.0
199, 93, 3, TSH-000-WHI-094, 600.0, 288.0
199, 37, 1, TSH-000-WHI-037, 300.0, 48.0
199, 27, 1, TSH-000-WHI-027, 500.0, 230.0
199, 85, 3, TSH-000-WHI-086, 800.0, 384.0
199, 23, 1, TSH-000-WHI-023, 43.0, 19.78
199, 63, 5, TSH-000-WHI-064, 120.0, 96.0
199, 19, 4, TSH-000-WHI-019, 432.0, 276.48
199, 7, 2, TSH-000-WHI-007, 145.0, 46.4
199, 20, 1, TSH-000-WHI-020, 100.0, 46.0
199, 14, 1, TSH-000-WHI-014, 350.0, 56.0
200, 70, 4, TSH-000-WHI-071, 240.0, 153.6
200, 8, 2, TSH-000-WHI-008, 234.0, 74.88
200, 32, 1, TSH-000-WHI-032, 80.0, 36.8
200, 38, 5, TSH-000-WHI-038, 80.0, 64.0
200, 34, 2, TSH-000-WHI-034, 150.0, 138.0
200, 25, 1, TSH-000-WHI-025, 235.0, 108.1
200, 18, 3, TSH-000-WHI-018, 145.0, 69.6
200, 98, 2, TSH-000-WHI-099, 34.0, 10.88
200, 88, 4, TSH-000-WHI-089, 1000.0, 640.0
